5000|5.6|8.572430166740386
5000|6.1|10.152805046789334
5000|6.6|12.058443326943852
5000|7.1|13.590404544039384
5000|7.6|9.978127469581434
5000|8.1|11.588594113375386
5000|8.6|8.662600263804178
5000|9.1|7.916186877207427
5000|9.6|8.477793080721353
5000|10.1|6.621390636789575
5000|10.6|6.064844121751122
5000|11.1|6.311784811290448
5000|11.6|7.386778754706072
5000|12.1|-0.868605248992619
5000|12.6|4.37699541592225
5000|13.1|5.543648137160341
5000|13.6|3.901207728260654
5000|14.1|3.0466786061845377
5000|14.6|-3.2715258415947046
5000|15.1|4.29829073785638
5500|5.6|12.49784278117825
5500|6.1|8.789336934357525
5500|6.6|10.002350580393239
5500|7.1|10.907910824930646
5500|7.6|15.358311318116765
5500|8.1|10.798086331747726
5500|8.6|8.899179156608161
5500|9.1|10.629296428749655
5500|9.6|6.66613076261219
5500|10.1|7.3748584093307485
5500|10.6|7.887526561892128
5500|11.1|-2.5667493963808288
5500|11.6|5.428757171125178
5500|12.1|0.17072644829276806
5500|12.6|5.333055308005047
5500|13.1|3.599789081959776
5500|13.6|5.1737748159956904
5500|14.1|4.001909140733954
5500|14.6|4.890353970752299
5500|15.1|3.773059871799702
6000|5.6|7.110610211759299
6000|6.1|8.920243434844641
6000|6.6|8.704529572576751
6000|7.1|9.006427421954752
6000|7.6|10.402001996960122
6000|8.1|9.301064388971119
6000|8.6|-2.3551143713472293
6000|9.1|9.741252919732739
6000|9.6|8.826539500984365
6000|10.1|8.28441079472461
6000|10.6|7.840815346629328
6000|11.1|7.951149950080713
6000|11.6|6.8576245271437415
6000|12.1|5.451026659457916
6000|12.6|4.8367040231313325
6000|13.1|6.401959940028381
6000|13.6|3.4881591724753696
6000|14.1|-3.0112983251791503
6000|14.6|5.2034257571498745
6000|15.1|4.911794958833203
6500|5.6|6.882555518230808
6500|6.1|11.067757653737319
6500|6.6|8.144165186348182
6500|7.1|8.747620185875043
6500|7.6|8.816807475487806
6500|8.1|12.0702739446486
6500|8.6|9.965735642325788
6500|9.1|10.873403623580408
6500|9.6|10.29422348037579
6500|10.1|9.037620919819378
6500|10.6|8.713586403959944
6500|11.1|8.609064203743573
6500|11.6|6.854777064432571
6500|12.1|7.084829555563483
6500|12.6|6.554220223635192
6500|13.1|-3.0581505994632137
6500|13.6|4.84333879460025
6500|14.1|3.254855001234537
6500|14.6|-3.505860429399299
6500|15.1|3.979249190675019
7000|5.6|8.100131076168273
7000|6.1|8.475984272393648
7000|6.6|10.812834781547165
7000|7.1|7.681851937306444
7000|7.6|8.98139354786782
7000|8.1|11.576283936844888
7000|8.6|11.874457735868528
7000|9.1|14.858562408539578
7000|9.6|9.956067549584896
7000|10.1|9.650051768378708
7000|10.6|8.269654396259275
7000|11.1|8.466712075672042
7000|11.6|8.238570269252772
7000|12.1|5.132126565043779
7000|12.6|6.672135124665529
7000|13.1|5.434279877348824
7000|13.6|4.080991287618538
7000|14.1|-1.8566306350875577
7000|14.6|6.466605911922378
7000|15.1|-3.431135062342148
7500|5.6|-2.0013187248832573
7500|6.1|-2.509429013218697
7500|6.6|9.302136446606541
7500|7.1|9.379704678555225
7500|7.6|8.805124308072118
7500|8.1|8.500277083502192
7500|8.6|11.647544897982634
7500|9.1|12.479176731725184
7500|9.6|11.347085921499211
7500|10.1|6.633387075847674
7500|10.6|13.408121274329536
7500|11.1|10.47757941286537
7500|11.6|9.533655900242149
7500|12.1|9.628160427264573
7500|12.6|5.358172378230306
7500|13.1|5.3977056714511775
7500|13.6|7.912262175753609
7500|14.1|5.358620509544136
7500|14.6|4.015116573099241
7500|15.1|5.891222721122515
8000|5.6|-3.1132308617707105
8000|6.1|-4.158769734581238
8000|6.6|7.613614542853908
8000|7.1|7.592615794552939
8000|7.6|7.795082620048558
8000|8.1|7.820586409902233
8000|8.6|9.35483915491759
8000|9.1|11.038148486774757
8000|9.6|6.377077602395159
8000|10.1|11.53694470174492
8000|10.6|9.976722727108703
8000|11.1|11.530518371230691
8000|11.6|8.904503593821318
8000|12.1|7.178006231529347
8000|12.6|9.22076377596597
8000|13.1|6.765450994898561
8000|13.6|7.664662703730603
8000|14.1|5.209588288671738
8000|14.6|-2.5674018674115358
8000|15.1|-4.045806111084516
8500|5.6|8.393678334764274
8500|6.1|7.401008846522727
8500|6.6|-2.6561563419177516
8500|7.1|8.107738638947291
8500|7.6|7.4677289085879535
8500|8.1|7.390550669409814
8500|8.6|8.038937713208714
8500|9.1|9.500280444541975
8500|9.6|10.244607104830365
8500|10.1|12.124972082913823
8500|10.6|11.278552309020945
8500|11.1|11.17321085857283
8500|11.6|11.328998000999388
8500|12.1|8.041455861245206
8500|12.6|-2.714875481820683
8500|13.1|8.177690669620116
8500|13.6|6.336995140974332
8500|14.1|5.085507886656974
8500|14.6|-inf
8500|15.1|5.640333074096019
9000|5.6|-3.2668574499367042
9000|6.1|14.070618543520904
9000|6.6|9.242124566667274
9000|7.1|6.716510931266042
9000|7.6|7.28497672830927
9000|8.1|7.273139207683232
9000|8.6|7.588173634196284
9000|9.1|9.649947254221098
9000|9.6|9.844207624337614
9000|10.1|10.503103994842885
9000|10.6|10.286877745391205
9000|11.1|1.2392446996296134
9000|11.6|12.128324707364813
9000|12.1|9.691172876799586
9000|12.6|8.341549515943406
9000|13.1|6.959799344372275
9000|13.6|9.479628639444728
9000|14.1|6.4348995958569555
9000|14.6|6.757529372811459
9000|15.1|6.48618005168862
9500|5.6|8.661684831644926
9500|6.1|-2.7696923927692483
9500|6.6|-2.892261765457069
9500|7.1|7.122454046112702
9500|7.6|6.561545286410054
9500|8.1|6.8892481584032055
9500|8.6|7.473017234759541
9500|9.1|8.668551134109299
9500|9.6|9.493162917488796
9500|10.1|9.876872658524661
9500|10.6|10.537161531138244
9500|11.1|11.751103875800675
9500|11.6|-4.96695829318504
9500|12.1|11.466769152113912
9500|12.6|9.962433075004855
9500|13.1|8.22917371135416
9500|13.6|5.122529926221689
9500|14.1|7.531546814969542
9500|14.6|6.245891527915271
9500|15.1|4.837454679718851
10000|5.6|-2.9488815028235313
10000|6.1|-3.003693543751623
10000|6.6|-3.139510513949143
10000|7.1|-2.7190862357725596
10000|7.6|6.780627564781522
10000|8.1|7.523730038720716
10000|8.6|6.638104708016314
10000|9.1|7.5107349300718305
10000|9.6|8.736439991414574
10000|10.1|9.567250524970964
10000|10.6|8.313464142343461
10000|11.1|13.176553597317303
10000|11.6|10.840740376176019
10000|12.1|-0.3450627027195019
10000|12.6|-1.2555131481761603
10000|13.1|8.739182515757655
10000|13.6|8.066175567775222
10000|14.1|8.342099317504251
10000|14.6|-2.1445529513503003
10000|15.1|8.614322878854523
10500|5.6|9.391148791995843
10500|6.1|6.568304341758349
10500|6.6|6.159479939817168
10500|7.1|2.795193505446938
10500|7.6|10.496801518895055
10500|8.1|6.780742973415142
10500|8.6|8.626394538047256
10500|9.1|8.011694695204518
10500|9.6|7.467597078854858
10500|10.1|8.766595792875062
10500|10.6|9.699102718256647
10500|11.1|10.571636628364674
10500|11.6|12.123001501995363
10500|12.1|-0.30465936232623336
10500|12.6|9.917349025613486
10500|13.1|-0.5954643031048058
10500|13.6|8.935937454220635
10500|14.1|5.992597873460452
10500|14.6|6.393049175885489
10500|15.1|7.410560958246681
11000|5.6|-7.696190841798892
11000|6.1|-7.5556107189360695
11000|6.6|-3.2630440830813487
11000|7.1|3.0880894120436895
11000|7.6|6.448173921885501
11000|8.1|6.628557982615155
11000|8.6|6.978727641218469
11000|9.1|7.094701948875934
11000|9.6|7.077210303240425
11000|10.1|8.10734429268312
11000|10.6|9.127769008506952
11000|11.1|10.350040247424342
11000|11.6|10.483480438837162
11000|12.1|13.982260678423128
11000|12.6|-inf
11000|13.1|11.228866053140207
11000|13.6|6.001720273826595
11000|14.1|-0.9832306291344703
11000|14.6|-3.337250726807684
11000|15.1|5.847898332811283
11500|5.6|-2.2791542640573765
11500|6.1|-3.1220560344956523
11500|6.6|-3.6275657355080306
11500|7.1|6.2927204848007445
11500|7.6|-2.659037183104541
11500|8.1|7.4396832062095175
11500|8.6|8.094928250469163
11500|9.1|-2.3913071040702927
11500|9.6|7.225550955812331
11500|10.1|7.248338257876551
11500|10.6|9.020013690042859
11500|11.1|9.220909749816734
11500|11.6|12.163007059225924
11500|12.1|12.56337297777271
11500|12.6|11.216987390547317
11500|13.1|12.292857073750122
11500|13.6|9.218262327738852
11500|14.1|7.952381949878637
11500|14.6|7.661421473312797
11500|15.1|6.5105838830904945
12000|5.6|-2.0002573450619683
12000|6.1|-3.423723152389254
12000|6.6|-7.452908896806722
12000|7.1|-8.274310382588551
12000|7.6|6.251093640156495
12000|8.1|5.699169779202162
12000|8.6|6.317686779454524
12000|9.1|5.8966501608618165
12000|9.6|7.453014080327183
12000|10.1|6.7517545495018805
12000|10.6|7.914964692186364
12000|11.1|8.716248566426831
12000|11.6|10.672544268782534
12000|12.1|11.610671541100537
12000|12.6|11.125421708973974
12000|13.1|-2.4706499529224644
12000|13.6|-1.5727722251827472
12000|14.1|9.326073488248927
12000|14.6|6.4468193838976795
12000|15.1|-4.99516590048066
12500|5.6|3.328583278940572
12500|6.1|6.413263534212964
12500|6.6|-8.297791011477148
12500|7.1|-3.736880723707222
12500|7.6|5.9389548058694945
12500|8.1|4.304993198400799
12500|8.6|-2.7008018296757097
12500|9.1|2.63358271715952
12500|9.6|-3.794979627279993
12500|10.1|8.22136068978068
12500|10.6|7.678469338996683
12500|11.1|9.469128018167515
12500|11.6|6.999103309011527
12500|12.1|11.110510098509646
12500|12.6|7.9981979412512185
12500|13.1|-2.3732563691934487
12500|13.6|9.013410376380032
12500|14.1|11.856382158186728
12500|14.6|6.9104813016890745
12500|15.1|-1.461367209206279
13000|5.6|-3.0031254663453497
13000|6.1|-7.439033588386543
13000|6.6|-3.5224618129144334
13000|7.1|6.523514363058839
13000|7.6|-3.4344925353635136
13000|8.1|5.63953825962847
13000|8.6|-3.3271840715830576
13000|9.1|6.571465920430578
13000|9.6|6.421672411675951
13000|10.1|6.749061004245199
13000|10.6|9.44227497620387
13000|11.1|8.343305789791172
13000|11.6|8.504336243360402
13000|12.1|9.803794777432055
13000|12.6|9.203069838130924
13000|13.1|12.535282028030993
13000|13.6|10.038433988936456
13000|14.1|8.230891846506085
13000|14.6|9.155799471765055
13000|15.1|5.895489964551915
13500|5.6|-2.3729417876048804
13500|6.1|-1.8598375132126808
13500|6.6|6.379422871716581
13500|7.1|6.52006882017027
13500|7.6|5.435959966526826
13500|8.1|5.587357550247012
13500|8.6|5.592474478814581
13500|9.1|6.473794239347057
13500|9.6|2.586255482029499
13500|10.1|-2.3651784755752563
13500|10.6|8.570382971576375
13500|11.1|7.799358118510764
13500|11.6|8.92361087986609
13500|12.1|1.1461721601124055
13500|12.6|9.97531645711719
13500|13.1|11.252948367124333
13500|13.6|6.932165724450906
13500|14.1|13.242106392264645
13500|14.6|-0.558424674912346
13500|15.1|8.881420709845681
14000|5.6|-2.770937439911292
14000|6.1|-2.4709537264466284
14000|6.6|-4.0850007660622225
14000|7.1|-3.2931387061898554
14000|7.6|5.177419900320628
14000|8.1|-2.9383883166961633
14000|8.6|5.8269059955366815
14000|9.1|-3.279155100865194
14000|9.6|2.330263663547233
14000|10.1|7.978463743273602
14000|10.6|7.22403799658399
14000|11.1|8.043110940912104
14000|11.6|9.011483511571715
14000|12.1|8.908218609696808
14000|12.6|9.199603799656616
14000|13.1|8.953541319400358
14000|13.6|10.019128238581292
14000|14.1|10.537429421402711
14000|14.6|8.940374199614208
14000|15.1|9.613195484533055
14500|5.6|-3.4602717659008877
14500|6.1|3.642088669455685
14500|6.6|-7.838932052354179
14500|7.1|-8.392678621095868
14500|7.6|-3.3799118467824654
14500|8.1|-3.050226478957243
14500|8.6|-7.025385533035261
14500|9.1|7.634441115619201
14500|9.6|2.268272011694494
14500|10.1|6.332727642025656
14500|10.6|6.729143357618035
14500|11.1|7.2043423873047026
14500|11.6|7.833780606043824
14500|12.1|8.158769042347796
14500|12.6|9.08652160939832
14500|13.1|11.046257874712737
14500|13.6|10.972930140188216
14500|14.1|5.021717374767688
14500|14.6|11.03873860273351
14500|15.1|10.679653417569797
5000|5.6|8.348795787128951
5000|6.1|10.87306730910513
5000|6.6|10.796455432680974
5000|7.1|11.715686299842092
5000|7.6|8.630100892339808
5000|8.1|10.623631230739967
5000|8.6|8.980362400094045
5000|9.1|7.924831426235629
5000|9.6|8.622019591795473
5000|10.1|-1.2397151155301247
5000|10.6|6.025889441454009
5000|11.1|6.309973612271716
5000|11.6|6.291243987004118
5000|12.1|3.5079024184655463
5000|12.6|5.207436881618255
5000|13.1|5.433233533725954
5000|13.6|4.017695643915819
5000|14.1|2.8217826204662324
5000|14.6|3.531935980346704
5000|15.1|3.7284147066579125
5500|5.6|10.541365733301935
5500|6.1|8.626578153205417
5500|6.6|10.345140528880378
5500|7.1|16.78095395241966
5500|7.6|16.161198596591724
5500|8.1|12.51610448574962
5500|8.6|9.141009829833601
5500|9.1|10.299876862437314
5500|9.6|6.794301922475675
5500|10.1|7.348821523704134
5500|10.6|8.076755555200448
5500|11.1|-2.794096478883412
5500|11.6|6.085165564676691
5500|12.1|7.266098783609118
5500|12.6|-2.0639553942157134
5500|13.1|4.741258988415106
5500|13.6|-2.1803873596702266
5500|14.1|5.950843373109495
5500|14.6|3.752685241018107
5500|15.1|-3.782390999706285
6000|5.6|7.453585814552274
6000|6.1|8.366307679735158
6000|6.6|9.131992171691827
6000|7.1|9.116835045569395
6000|7.6|11.749887210718883
6000|8.1|11.8558699889834
6000|8.6|-1.6489258358957737
6000|9.1|10.145098756435072
6000|9.6|9.84223082697317
6000|10.1|8.586574840699491
6000|10.6|7.62022430788911
6000|11.1|7.284123098235637
6000|11.6|7.23457368471993
6000|12.1|-2.5262139968266046
6000|12.6|6.291722661835639
6000|13.1|6.760650194111616
6000|13.6|4.866654533909963
6000|14.1|4.756323249585144
6000|14.6|4.841802560749258
6000|15.1|3.604519744955363
6500|5.6|7.112001361246857
6500|6.1|9.32142924332269
6500|6.6|7.301669298595264
6500|7.1|8.969834025708318
6500|7.6|8.723301561465647
6500|8.1|11.395721980894432
6500|8.6|11.48206028491842
6500|9.1|10.312550187771476
6500|9.6|9.763815422683574
6500|10.1|8.40407665101053
6500|10.6|9.019048804606935
6500|11.1|7.841926241323034
6500|11.6|7.020412851054937
6500|12.1|7.119310067542277
6500|12.6|6.170079881192019
6500|13.1|4.213419573411337
6500|13.6|4.97094921013002
6500|14.1|4.654827324002978
6500|14.6|-3.39363873879056
6500|15.1|3.9605852972706375
7000|5.6|7.5070126506111725
7000|6.1|7.899450078036863
7000|6.6|8.007227930014402
7000|7.1|7.654417611067504
7000|7.6|8.936935293882147
7000|8.1|9.808460121667572
7000|8.6|13.300695665039669
7000|9.1|15.265304970067138
7000|9.6|10.863538060379717
7000|10.1|9.334891915198323
7000|10.6|8.42150152653154
7000|11.1|8.391812525806209
7000|11.6|9.24229165993827
7000|12.1|5.651140535197277
7000|12.6|6.8544196267523425
7000|13.1|-1.3122660540395517
7000|13.6|4.03827099118207
7000|14.1|-3.585651577286759
7000|14.6|6.563990945769211
7000|15.1|4.713862098021251
7500|5.6|-2.2615193097822623
7500|6.1|-1.345259242220159
7500|6.6|8.22267484857772
7500|7.1|7.838876250944899
7500|7.6|8.290861249041823
7500|8.1|8.521123597445886
7500|8.6|11.334689488084738
7500|9.1|12.719211248249252
7500|9.6|11.405353854371148
7500|10.1|-3.1167203918812105
7500|10.6|13.693589818647087
7500|11.1|9.668307510505652
7500|11.6|8.426092755206618
7500|12.1|-0.8960276770640189
7500|12.6|-3.525178421711654
7500|13.1|6.972895629211332
7500|13.6|7.507239745739199
7500|14.1|4.757202547380169
7500|14.6|4.175173318827722
7500|15.1|5.988317753172072
8000|5.6|-2.0677451734054726
8000|6.1|8.24312636532809
8000|6.6|10.384460498784117
8000|7.1|7.90968053060125
8000|7.6|7.378717128634244
8000|8.1|10.104732996778079
8000|8.6|8.44918795284982
8000|9.1|9.867423104419622
8000|9.6|10.57428021300846
8000|10.1|15.49187974408623
8000|10.6|10.550303515882778
8000|11.1|10.434025709739048
8000|11.6|8.578520964514835
8000|12.1|7.51529741077905
8000|12.6|8.390531567895776
8000|13.1|7.134810492664061
8000|13.6|5.072614243100168
8000|14.1|6.472962104980809
8000|14.6|-2.922908966799785
8000|15.1|-3.440350347144821
8500|5.6|8.68061351892907
8500|6.1|-2.820132467595124
8500|6.6|8.522343869408543
8500|7.1|7.391513916347804
8500|7.6|7.347533550867546
8500|8.1|8.472273552552922
8500|8.6|8.44947883427917
8500|9.1|8.555372694008398
8500|9.6|10.212465677156336
8500|10.1|8.60307055619342
8500|10.6|10.237251637459021
8500|11.1|11.783633743339436
8500|11.6|11.346096553659228
8500|12.1|8.49041595136412
8500|12.6|8.289226519117465
8500|13.1|8.36921517359506
8500|13.6|6.658369124363988
8500|14.1|4.516039894355953
8500|14.6|6.658245066212056
8500|15.1|5.42870603097825
9000|5.6|3.1863528054618455
9000|6.1|7.468413574612763
9000|6.6|-3.1454998461227084
9000|7.1|-1.2453817942034007
9000|7.6|7.375735670414135
9000|8.1|8.044800365043043
9000|8.6|7.690651231490649
9000|9.1|9.914881808928632
9000|9.6|10.178157673312057
9000|10.1|10.404183080072047
9000|10.6|10.638279541957646
9000|11.1|9.087610794208379
9000|11.6|12.580656474993152
9000|12.1|10.532032130711219
9000|12.6|8.167940600467983
9000|13.1|5.277049030231923
9000|13.6|-2.022394459643752
9000|14.1|7.416646671746163
9000|14.6|-1.7295069089249617
9000|15.1|6.499119371051148
9500|5.6|8.03909310712983
9500|6.1|-2.723851622167435
9500|6.6|-2.5910929318969274
9500|7.1|3.117468060604326
9500|7.6|6.86516431260492
9500|8.1|-2.593557072854737
9500|8.6|7.098573828959199
9500|9.1|7.42105477809017
9500|9.6|9.060280290989658
9500|10.1|8.887364513385469
9500|10.6|11.163963649987005
9500|11.1|11.087431919243722
9500|11.6|8.06547959545879
9500|12.1|12.230604212434162
9500|12.6|9.676520242394709
9500|13.1|8.285552904557038
9500|13.6|7.278176135044061
9500|14.1|5.823968232433589
9500|14.6|-2.9948235072910974
9500|15.1|4.674637372316936
10000|5.6|4.151167654791145
10000|6.1|-3.613732656275663
10000|6.6|-3.141693637655875
10000|7.1|8.128792981754783
10000|7.6|-2.562694857666331
10000|8.1|6.706404103798854
10000|8.6|6.849868350972637
10000|9.1|8.143824671214615
10000|9.6|8.788520990152422
10000|10.1|8.390670282425708
10000|10.6|9.25132993106552
10000|11.1|11.273838547671053
10000|11.6|16.9088345503541477
10000|12.1|11.593055655164923
10000|12.6|11.640281324264985
10000|13.1|10.03778746714918
10000|13.6|7.9437158994058175
10000|14.1|-1.092865373995957
10000|14.6|6.997978776202448
10000|15.1|-1.033300596144267
10500|5.6|9.632864510175388
10500|6.1|-3.1138295734235983
10500|6.6|-2.9399509433231805
10500|7.1|-8.498917646895134
10500|7.6|5.906341315879335
10500|8.1|6.426126337578908
10500|8.6|6.475406526413655
10500|9.1|7.776221550192257
10500|9.6|7.445199178687136
10500|10.1|8.249603716561754
10500|10.6|10.394047891829757
10500|11.1|11.44861184149305
10500|11.6|10.035173645852643
10500|12.1|-1.285935587745809
10500|12.6|9.86275408249672
10500|13.1|9.434781965757084
10500|13.6|9.951457119472712
10500|14.1|8.825809032380654
10500|14.6|3.922466867686351
10500|15.1|-1.185227110078944
11000|5.6|9.780696184637893
11000|6.1|-2.575478143520082
11000|6.6|-8.226384545446772
11000|7.1|8.318815282456752
11000|7.6|6.457696904142384
11000|8.1|7.5550136245188195
11000|8.6|2.8202332889432262
11000|9.1|-2.3171445635828323
11000|9.6|6.845567146825631
11000|10.1|-2.7120337339721816
11000|10.6|9.061661760468764
11000|11.1|10.293677703946365
11000|11.6|11.46692010874919
11000|12.1|8.12736690009323
11000|12.6|6.28368365132214
11000|13.1|11.150925391851501
11000|13.6|6.926159240174361
11000|14.1|-0.06734268290215095
11000|14.6|8.292114274189236
11000|15.1|5.795725489776238
11500|5.6|-4.202325554130002
11500|6.1|6.7335095280158805
11500|6.6|-3.3623572327877245
11500|7.1|-2.82483586563631
11500|7.6|6.439859796069778
11500|8.1|2.823966775395503
11500|8.6|6.431661327953331
11500|9.1|7.18131027983556
11500|9.6|6.971530997683116
11500|10.1|7.804432656633084
11500|10.6|8.026464629967574
11500|11.1|8.443224840780253
11500|11.6|10.635719346390339
11500|12.1|12.050023093428056
11500|12.6|15.389707090588779
11500|13.1|11.698876762110288
11500|13.6|9.950854648495993
11500|14.1|-0.6017241527658963
11500|14.6|6.922448901610744
11500|15.1|7.122916297681876
12000|5.6|-2.904082210007015
12000|6.1|8.472753475480356
12000|6.6|6.837726302302515
12000|7.1|-2.325394223209001
12000|7.6|-7.912438646868807
12000|8.1|-3.843983859575129
12000|8.6|6.408650466671427
12000|9.1|4.288532474325091
12000|9.6|-2.7280106403667412
12000|10.1|7.427410587054506
12000|10.6|8.137860680193842
12000|11.1|8.977270532139409
12000|11.6|9.552224121981201
12000|12.1|9.931639580193407
12000|12.6|13.058850653168458
12000|13.1|-3.2329538804516207
12000|13.6|10.074037187621915
12000|14.1|9.43671156296273
12000|14.6|6.319248020815977
12000|15.1|7.687092471719435
12500|5.6|-2.20493063080632
12500|6.1|7.087304130656225
12500|6.6|3.250315361695216
12500|7.1|6.469010707381423
12500|7.6|5.909843492648599
12500|8.1|6.165652653134005
12500|8.6|-3.4571552399482295
12500|9.1|-2.8804980081125593
12500|9.6|7.777904941041523
12500|10.1|8.28648476990642
12500|10.6|7.477272004848649
12500|11.1|9.863004217812426
12500|11.6|9.40598258721284
12500|12.1|10.50406157453958
12500|12.6|11.682839906582608
12500|13.1|11.512136560875424
12500|13.6|8.084678088029374
12500|14.1|11.027663491417176
12500|14.6|6.948750111103778
12500|15.1|8.753417314867589
13000|5.6|-7.738138616663768
13000|6.1|9.961132595696103
13000|6.6|-3.409717575025032
13000|7.1|-3.5993891157346583
13000|7.6|-7.9411298983700895
13000|8.1|-7.9205610788657586
13000|8.6|2.5664752810131324
13000|9.1|6.0450663782672684
13000|9.6|7.489815162607488
13000|10.1|7.248479485257497
13000|10.6|8.670734705500891
13000|11.1|8.625099965386378
13000|11.6|9.019085574445807
13000|12.1|9.40886176098975
13000|12.6|8.498439076479523
13000|13.1|15.56569365226227
13000|13.6|8.176723281336661
13000|14.1|7.693864586177807
13000|14.6|5.318225671793973
13000|15.1|5.756710301239917
13500|5.6|-3.7512731414990776
13500|6.1|-3.8973864051429277
13500|6.6|-2.9285680223734603
13500|7.1|-3.36343831506979
13500|7.6|-2.8372792067937813
13500|8.1|5.363287977942487
13500|8.6|6.1701292427346255
13500|9.1|6.7546065490382965
13500|9.6|-2.5622672423802992
13500|10.1|7.4530281032183
13500|10.6|7.263409832818568
13500|11.1|7.24343928867969
13500|11.6|8.482496437126041
13500|12.1|8.743582407402217
13500|12.6|9.17027662848059
13500|13.1|0.1627548716516433
13500|13.6|8.800357685903728
13500|14.1|11.313200977666563
13500|14.6|-1.448888020008192
13500|15.1|-2.2189943570920208
14000|5.6|-1.9497635145943408
14000|6.1|-7.658877502758311
14000|6.6|-3.4273833543844052
14000|7.1|-3.3960525359824296
14000|7.6|-3.1034822181899044
14000|8.1|-2.812818590474879
14000|8.6|5.5393316650103515
14000|9.1|5.944421607476714
14000|9.6|6.656163608281327
14000|10.1|3.8461415829672685
14000|10.6|-2.6301571229009757
14000|11.1|7.927483995054647
14000|11.6|8.009189972922846
14000|12.1|9.456469644546328
14000|12.6|3.2565322377429147
14000|13.1|10.230084450574186
14000|13.6|6.808003318547342
14000|14.1|-7.48431898008542
14000|14.6|9.068549041486017
14000|15.1|-2.2392822396679417
14500|5.6|-2.4457689390043424
14500|6.1|7.937090632778788
14500|6.6|-7.885812596097727
14500|7.1|-3.277580344576975
14500|7.6|3.5287422780110442
14500|8.1|-2.904993175338612
14500|8.6|-2.855850005991127
14500|9.1|6.027496016362225
14500|9.6|-3.900111588715168
14500|10.1|6.487507701924424
14500|10.6|7.190331920762448
14500|11.1|6.9709543084668635
14500|11.6|7.723340881605195
14500|12.1|8.891495978172735
14500|12.6|8.94567961175263
14500|13.1|7.454590438957781
14500|13.6|7.656586695070632
14500|14.1|10.402243460455422
14500|14.6|-0.9501903409905189
14500|15.1|8.545851275805946
5000|5.6|12.225861710910984
5000|6.1|10.423771526537259
5000|6.6|11.278750400900881
5000|7.1|14.556527889441188
5000|7.6|10.642882057964677
5000|8.1|10.25312576699699
5000|8.6|9.761838614539462
5000|9.1|7.673959860968077
5000|9.6|8.263317008574004
5000|10.1|7.687049178703324
5000|10.6|6.079181524816184
5000|11.1|6.251683665700064
5000|11.6|5.805629704200076
5000|12.1|4.691774989769076
5000|12.6|5.156498727249185
5000|13.1|6.032674915303089
5000|13.6|-2.6273772123516097
5000|14.1|2.996573303156613
5000|14.6|-3.30497250136092
5000|15.1|5.189709343543666
5500|5.6|12.745512089434913
5500|6.1|8.944678051742398
5500|6.6|9.500111983502942
5500|7.1|10.33318023585169
5500|7.6|13.75745802629612
5500|8.1|11.294687031391343
5500|8.6|9.640301976326333
5500|9.1|10.71041863383913
5500|9.6|6.803459565137925
5500|10.1|7.455332108061852
5500|10.6|7.827368195950996
5500|11.1|5.142724403869331
5500|11.6|7.16424111888548
5500|12.1|5.823983950941357
5500|12.6|5.824401196159224
5500|13.1|3.6513919770037435
5500|13.6|4.591179253318696
5500|14.1|-2.201379156557709
5500|14.6|5.472378313556852
5500|15.1|-3.715993173189567
6000|5.6|7.828933725005612
6000|6.1|8.332493055349214
6000|6.6|14.441997804714397
6000|7.1|10.287646342415588
6000|7.6|11.28673931726694
6000|8.1|11.513881002583206
6000|8.6|-2.176376622028013
6000|9.1|11.13623650482534
6000|9.6|9.49637378343258
6000|10.1|8.778703792004452
6000|10.6|7.797395435376041
6000|11.1|6.982850229081062
6000|11.6|8.77890555992371
6000|12.1|5.951402244042197
6000|12.6|5.922866304645137
6000|13.1|6.446546311419264
6000|13.6|5.216170512560509
6000|14.1|3.94175446477806
6000|14.6|3.6749913759560595
6000|15.1|4.32452512164539
6500|5.6|7.222940308885533
6500|6.1|8.02229705198059
6500|6.6|8.164334357817873
6500|7.1|9.292378232002378
6500|7.6|8.777746196790131
6500|8.1|12.220574861067334
6500|8.6|-1.2056184543746622
6500|9.1|11.124691616144235
6500|9.6|10.627755049849798
6500|10.1|8.087193026852773
6500|10.6|9.31461842803186
6500|11.1|8.578746418767432
6500|11.6|6.970452222671852
6500|12.1|7.3744327692738905
6500|12.6|6.014463485883189
6500|13.1|5.362145108729179
6500|13.6|4.140729698876167
6500|14.1|5.561783300975294
6500|14.6|6.204099402541328
6500|15.1|3.95979666164731
7000|5.6|8.577553282741157
7000|6.1|8.12867030151617
7000|6.6|7.827933037387588
7000|7.1|7.75231576774616
7000|7.6|9.978897966275593
7000|8.1|12.022294448011063
7000|8.6|11.784992256007413
7000|9.1|13.457351964736949
7000|9.6|9.649460119832531
7000|10.1|10.473621325979524
7000|10.6|8.437402488575344
7000|11.1|8.39870893621295
7000|11.6|8.184463242738545
7000|12.1|7.156407041283185
7000|12.6|6.8298744227140755
7000|13.1|-2.153268429585008
7000|13.6|3.970721473727278
7000|14.1|4.762579278636588
7000|14.6|5.517426045772648
7000|15.1|-4.211953268637212
7500|5.6|-2.5997095336887255
7500|6.1|8.476676277537115
7500|6.6|8.23331923694297
7500|7.1|7.941077287870595
7500|7.6|10.222215459804612
7500|8.1|8.303363535225524
7500|8.6|10.207852984450543
7500|9.1|10.992004932466813
7500|9.6|10.974450602305001
7500|10.1|5.371123442435446
7500|10.6|12.487822772042287
7500|11.1|9.501664750350463
7500|11.6|8.586241419979176
7500|12.1|10.475112736438827
7500|12.6|-2.3575709672866334
7500|13.1|7.067638557836619
7500|13.6|7.152762265828781
7500|14.1|4.694218348335791
7500|14.6|4.088023630279892
7500|15.1|5.431575258835762
8000|5.6|-2.4049720985825824
8000|6.1|-3.140375063461609
8000|6.6|7.047292969284757
8000|7.1|6.895474223021859
8000|7.6|7.625536483711243
8000|8.1|8.76039849366375
8000|8.6|8.197560168799965
8000|9.1|11.519813882556964
8000|9.6|10.816474869972048
8000|10.1|11.490637300421003
8000|10.6|10.010709134272258
8000|11.1|10.583965025054964
8000|11.6|8.985123179880578
8000|12.1|6.680933635187294
8000|12.6|8.357181737585016
8000|13.1|6.870770915986596
8000|13.6|6.135294174034404
8000|14.1|-0.9012343502267954
8000|14.6|-2.154267559796822
8000|15.1|-3.494706742717955
8500|5.6|7.94726814160453
8500|6.1|-2.8232790305347777
8500|6.6|-2.6017348380304197
8500|7.1|-2.659692677908581
8500|7.6|7.617793786272396
8500|8.1|8.372599303952377
8500|8.6|7.667349833696672
8500|9.1|9.088681352814795
8500|9.6|10.374753592390837
8500|10.1|11.230676014389633
8500|10.6|10.764008641443965
8500|11.1|11.7145966025221
8500|11.6|10.375402178129242
8500|12.1|8.681807985572934
8500|12.6|8.326943109527681
8500|13.1|-1.4990537437988314
8500|13.6|7.169121947937511
8500|14.1|8.058672574674274
8500|14.6|7.894765717123736
8500|15.1|-2.9494984983162627
9000|5.6|-3.305998337054265
9000|6.1|-7.663933805159386
9000|6.6|-2.6561651091126315
9000|7.1|8.871218715363906
9000|7.6|6.832419337883626
9000|8.1|8.59305246361676
9000|8.6|7.614986579078382
9000|9.1|8.686506786170014
9000|9.6|9.298896396484377
9000|10.1|10.497269917020555
9000|10.6|11.226187507693673
9000|11.1|10.932439629797758
9000|11.6|11.406045409772544
9000|12.1|9.790579477765865
9000|12.6|8.29017663554919
9000|13.1|7.676373525040023
9000|13.6|8.543027127651396
9000|14.1|6.345313286432349
9000|14.6|-2.3966524009212775
9000|15.1|6.337475312654815
9500|5.6|9.61366910025745
9500|6.1|3.1681636742254677
9500|6.6|7.893413745797105
9500|7.1|-2.8613765305989487
9500|7.6|8.244500030108192
9500|8.1|6.833964263486374
9500|8.6|7.239212296120307
9500|9.1|7.556098909123721
9500|9.6|8.667484787750801
9500|10.1|9.32616706969737
9500|10.6|12.910027124182605
9500|11.1|1.3200467279082009
9500|11.6|8.082628363841465
9500|12.1|10.67626444931377
9500|12.6|9.732742288977235
9500|13.1|9.30938940881335
9500|13.6|5.016271769731488
9500|14.1|-0.913601003673072
9500|14.6|7.166893360776702
9500|15.1|-2.1114069949092933
10000|5.6|-2.4904607243231736
10000|6.1|8.39812769676829
10000|6.6|6.412725669774182
10000|7.1|-2.729018067087409
10000|7.6|7.300465128310329
10000|8.1|6.85786632479355
10000|8.6|7.271952155814034
10000|9.1|7.691269876897483
10000|9.6|7.981341506476218
10000|10.1|9.462911571033075
10000|10.6|9.29273960674849
10000|11.1|12.327161428414554
10000|11.6|13.89707700502582
10000|12.1|10.920708290070223
10000|12.6|-0.9223663528515078
10000|13.1|8.888896259843358
10000|13.6|8.797808888086939
10000|14.1|6.586829220226543
10000|14.6|5.768669244726195
10000|15.1|-2.893804884467532
10500|5.6|-3.566569436064101
10500|6.1|8.165551872836115
10500|6.6|6.686433500852927
10500|7.1|6.390614441546993
10500|7.6|6.225461931578764
10500|8.1|6.541446926664386
10500|8.6|7.002136089950824
10500|9.1|7.08734733452768
10500|9.6|7.006297848662309
10500|10.1|8.100823475792325
10500|10.6|9.472037069948387
10500|11.1|9.824270689161825
10500|11.6|-2.5207380668015484
10500|12.1|-2.214795474131489
10500|12.6|10.887362259579826
10500|13.1|-0.43637518685243004
10500|13.6|9.225501799647475
10500|14.1|7.897467412548542
10500|14.6|5.385602827065498
10500|15.1|7.985688530425718
11000|5.6|-6.945604295001431
11000|6.1|-2.6006940376308436
11000|6.6|10.108926297842727
11000|7.1|-2.728991927811275
11000|7.6|6.467178500079098
11000|8.1|-2.8499377857761243
11000|8.6|6.833782717680356
11000|9.1|7.1488942266444235
11000|9.6|7.286894354085423
11000|10.1|-7.922713432394657
11000|10.6|9.26260340969066
11000|11.1|10.095295399285627
11000|11.6|12.18230990835827
11000|12.1|14.990760975619109
11000|12.6|-2.8623712426983254
11000|13.1|11.518955420154882
11000|13.6|6.749995661878809
11000|14.1|-1.1406300396825242
11000|14.6|7.296727199262748
11000|15.1|6.010425011582779
11500|5.6|-0.10382940133014112
11500|6.1|-3.609519091582804
11500|6.6|-1.349165670818398
11500|7.1|-3.101987154222475
11500|7.6|-2.61924022633802
11500|8.1|6.377711265165157
11500|8.6|7.544294952005544
11500|9.1|3.9754607834684457
11500|9.6|7.456335974070135
11500|10.1|7.3838996176428005
11500|10.6|7.770173681919667
11500|11.1|9.380130910463222
11500|11.6|10.122968565748907
11500|12.1|12.269390315039278
11500|12.6|14.579416161393581
11500|13.1|12.895630041745926
11500|13.6|10.189250142743692
11500|14.1|5.845013480680036
11500|14.6|10.839536061427177
11500|15.1|3.6302157155029446
12000|5.6|-3.2621439479831187
12000|6.1|-3.0692225659273307
12000|6.6|-3.3779504176539685
12000|7.1|-8.29138802090803
12000|7.6|-2.9941696361029195
12000|8.1|-3.093260869615823
12000|8.6|2.6073328593229603
12000|9.1|-6.972364251251842
12000|9.6|6.600539790857126
12000|10.1|6.840756757398292
12000|10.6|7.990909814456111
12000|11.1|8.976392179686716
12000|11.6|9.115325284394995
12000|12.1|0.2981376097021478
12000|12.6|13.491443650273235
12000|13.1|-1.7047965245983414
12000|13.6|-0.7425574382131492
12000|14.1|10.205026962822929
12000|14.6|7.783179854151908
12000|15.1|9.348136270712773
12500|5.6|9.838304873475117
12500|6.1|7.100343085441274
12500|6.6|10.454535757815755
12500|7.1|6.430852543662374
12500|7.6|-3.014450991279084
12500|8.1|6.165477015721542
12500|8.6|-2.868149750902717
12500|9.1|6.422813154317425
12500|9.6|-2.509098603740874
12500|10.1|6.93403152171925
12500|10.6|9.062201370741644
12500|11.1|8.254238771493847
12500|11.6|8.83087879988343
12500|12.1|10.456858114944396
12500|12.6|11.743934357146909
12500|13.1|-2.7232168223263042
12500|13.6|9.208825820459172
12500|14.1|10.164031780679057
12500|14.6|8.903570648900477
12500|15.1|6.410582313660644
13000|5.6|-2.245942085173837
13000|6.1|-7.411745722247048
13000|6.6|9.49130586140643
13000|7.1|-3.55753694269444
13000|7.6|-2.6160807267916693
13000|8.1|6.200461009493485
13000|8.6|-3.289975794488442
13000|9.1|-2.7622045896550516
13000|9.6|6.223211000343157
13000|10.1|6.923373367107689
13000|10.6|8.748480103213046
13000|11.1|8.708494267207788
13000|11.6|9.406620131076506
13000|12.1|10.173434860907095
13000|12.6|11.254194019927363
13000|13.1|13.054469660634522
13000|13.6|8.017626511297339
13000|14.1|-1.8012909398133754
13000|14.6|9.828533975819097
13000|15.1|8.376824264178634
13500|5.6|-2.713280710783732
13500|6.1|-8.056100908240325
13500|6.6|-3.6660325312031863
13500|7.1|-7.686297337952037
13500|7.6|2.324305953833251
13500|8.1|-3.5970428963492047
13500|8.6|2.9192370756265977
13500|9.1|7.394725533575591
13500|9.6|6.222173233643209
13500|10.1|6.741136834603992
13500|10.6|7.502028820216218
13500|11.1|7.3088474828094405
13500|11.6|8.838636819411962
13500|12.1|10.600048952390269
13500|12.6|11.524784476047234
13500|13.1|10.735321277757517
13500|13.6|8.528092101046152
13500|14.1|13.350929228720776
13500|14.6|9.60515473990099
13500|15.1|8.467162753051214
14000|5.6|-11.900726251078101
14000|6.1|-2.9049322881378536
14000|6.6|-2.9447910531310777
14000|7.1|-8.385416350912198
14000|7.6|6.298333938715204
14000|8.1|-2.809695438690238
14000|8.6|5.806288072007082
14000|9.1|5.798503410274658
14000|9.6|6.203508680611941
14000|10.1|6.332757600669419
14000|10.6|6.946936549311882
14000|11.1|7.907935755327806
14000|11.6|8.643608278033492
14000|12.1|9.216544058607605
14000|12.6|8.369190323258549
14000|13.1|11.931526011353283
14000|13.6|10.0171767763801
14000|14.1|15.614103017230097
14000|14.6|-2.035038005776196
14000|15.1|7.412889018753424
14500|5.6|-2.765060665798587
14500|6.1|-2.6601528797319105
14500|6.6|-3.671730148123202
14500|7.1|6.731103901544204
14500|7.6|-3.382289753964984
14500|8.1|2.8533768472221364
14500|8.6|-2.7440797145062925
14500|9.1|5.416417713411743
14500|9.6|2.7171233376162394
14500|10.1|6.176583386653817
14500|10.6|6.517583915169261
14500|11.1|7.462002570873711
14500|11.6|8.699168239447603
14500|12.1|8.626296646609871
14500|12.6|9.168696759764615
14500|13.1|10.014882051762214
14500|13.6|10.561580688677756
14500|14.1|11.720995678765751
14500|14.6|9.944268351123732
14500|15.1|12.077722925199028
5000|5.6|8.672395000324114
5000|6.1|9.730760548343266
5000|6.6|10.896911264475282
5000|7.1|12.61112904902032
5000|7.6|8.722337146187373
5000|8.1|11.1407139604606
5000|8.6|9.56405540364754
5000|9.1|7.998249360831161
5000|9.6|8.468557137751649
5000|10.1|6.857783513092621
5000|10.6|6.063116570162776
5000|11.1|6.33953912472893
5000|11.6|6.72127707585068
5000|12.1|5.129322450506886
5000|12.6|5.355211195539928
5000|13.1|4.586744849047586
5000|13.6|3.814933726110988
5000|14.1|2.866940199432032
5000|14.6|3.0617228024908907
5000|15.1|3.98907892410972
5500|5.6|9.720364121215638
5500|6.1|7.993159002021403
5500|6.6|10.204338057755155
5500|7.1|10.27319265771593
5500|7.6|12.811437351628667
5500|8.1|11.778029263291307
5500|8.6|9.315970793006029
5500|9.1|10.158334343609868
5500|9.6|6.825912248425218
5500|10.1|7.626107781851399
5500|10.6|8.171907138797138
5500|11.1|6.293269292170791
5500|11.6|6.176691850967156
5500|12.1|6.907437038052148
5500|12.6|6.202910527513463
5500|13.1|3.345896355486301
5500|13.6|4.014583179405958
5500|14.1|6.300645747053482
5500|14.6|3.165543224922182
5500|15.1|2.825964168587425
6000|5.6|8.792313690063754
6000|6.1|8.696469454448271
6000|6.6|9.384461889032831
6000|7.1|9.622778864899226
6000|7.6|10.778070402806582
6000|8.1|12.981329388314553
6000|8.6|-2.1369884047132
6000|9.1|9.95224196204542
6000|9.6|8.947514376562259
6000|10.1|8.197747108722217
6000|10.6|8.175434787307214
6000|11.1|6.464853193405794
6000|11.6|7.32116825615375
6000|12.1|4.758231199692037
6000|12.6|6.047429678263992
6000|13.1|6.518978679040548
6000|13.6|-3.6535037369063135
6000|14.1|4.361602741770814
6000|14.6|-3.6035925805719637
6000|15.1|6.050303426675787
6500|5.6|7.95755822039779
6500|6.1|8.454432944072115
6500|6.6|8.28889066707088
6500|7.1|8.132697153464484
6500|7.6|9.29685791171825
6500|8.1|11.165191321946889
6500|8.6|-1.6590568569675903
6500|9.1|10.746392680810128
6500|9.6|9.806015623935858
6500|10.1|7.968666739640674
6500|10.6|8.412363894637725
6500|11.1|7.86466295843242
6500|11.6|7.100548404779705
6500|12.1|7.365515332338678
6500|12.6|6.481765615275472
6500|13.1|3.9666308231622427
6500|13.6|4.167505271041384
6500|14.1|-3.8557348321304716
6500|14.6|3.719680700415098
6500|15.1|3.136081272497924
7000|5.6|7.023771839454179
7000|6.1|7.593162734024613
7000|6.6|8.02806480567415
7000|7.1|7.58912696613374
7000|7.6|9.249468311068187
7000|8.1|10.241073883762377
7000|8.6|12.981152036183284
7000|9.1|16.009888886985365
7000|9.6|10.743243852803097
7000|10.1|9.237558693317974
7000|10.6|8.330620911118531
7000|11.1|8.271593418807965
7000|11.6|8.987286024464591
7000|12.1|4.630855545250079
7000|12.6|6.842744664204397
7000|13.1|-1.1915368301932574
7000|13.6|4.70110027528394
7000|14.1|6.8778752854699725
7000|14.6|4.031868057924275
7000|15.1|4.988901899052812
7500|5.6|7.688414330320411
7500|6.1|12.456428982736854
7500|6.6|8.806736731677322
7500|7.1|6.945419134440452
7500|7.6|7.996939203494057
7500|8.1|8.715279994556923
7500|8.6|10.620845322198532
7500|9.1|12.830065451201161
7500|9.6|12.14348159415332
7500|10.1|5.110861369206142
7500|10.6|15.634407194477149
7500|11.1|10.047101250092163
7500|11.6|8.5121634825602
7500|12.1|10.11574040344371
7500|12.6|5.478509364401265
7500|13.1|6.9797497114064475
7500|13.6|7.859529272302483
7500|14.1|-2.2405428011826007
7500|14.6|3.908471006984035
7500|15.1|5.898754775291631
8000|5.6|-1.9897150623571276
8000|6.1|-2.7450402081387635
8000|6.6|8.00557211747632
8000|7.1|7.095698319723635
8000|7.6|7.533452803048922
8000|8.1|9.738650784132057
8000|8.6|8.081200879691382
8000|9.1|11.048434367629692
8000|9.6|11.224018837786042
8000|10.1|10.449456865141254
8000|10.6|8.277895152137681
8000|11.1|10.713382591020526
8000|11.6|-1.48548878134037
8000|12.1|6.966808444909498
8000|12.6|8.901268572280381
8000|13.1|6.598083201414545
8000|13.6|4.805014486131162
8000|14.1|-1.4411884684513299
8000|14.6|5.6347862472785115
8000|15.1|-3.1300418577375457
8500|5.6|-2.7705649948262887
8500|6.1|8.115777481370783
8500|6.6|7.422173524844176
8500|7.1|7.4802667076735565
8500|7.6|7.397119345719394
8500|8.1|7.8650871495394155
8500|8.6|9.113677100781905
8500|9.1|8.25564835644111
8500|9.6|10.407140652295338
8500|10.1|12.318240257987814
8500|10.6|10.250798983855297
8500|11.1|12.027960716406536
8500|11.6|9.688213481872355
8500|12.1|8.537565366769961
8500|12.6|7.261851830572828
8500|13.1|7.581827998967184
8500|13.6|7.895228260990425
8500|14.1|4.0596463761759916
8500|14.6|8.027989722475326
8500|15.1|-2.492972066589146
9000|5.6|7.7074522693294
9000|6.1|9.123978105759646
9000|6.6|7.6340080792319105
9000|7.1|7.561010175718781
9000|7.6|7.486727602262918
9000|8.1|9.077390700650932
9000|8.6|7.519244961507861
9000|9.1|9.172525443328889
9000|9.6|9.103675504469694
9000|10.1|9.122057250566847
9000|10.6|10.70603291072885
9000|11.1|11.288443381305408
9000|11.6|11.700308147946886
9000|12.1|10.61912360495856
9000|12.6|8.442234937692074
9000|13.1|7.586934196633351
9000|13.6|8.983976316405702
9000|14.1|6.51326286588421
9000|14.6|4.357606272539299
9000|15.1|-3.8266588356451186
9500|5.6|10.687739196734864
9500|6.1|-3.030748496775222
9500|6.6|-2.7351161514568845
9500|7.1|6.897818643351676
9500|7.6|-2.602403312038877
9500|8.1|-2.524527085267412
9500|8.6|7.8618440571090815
9500|9.1|8.062495518755075
9500|9.6|8.808184078189594
9500|10.1|8.175016146894048
9500|10.6|12.743660108860917
9500|11.1|11.480121333932091
9500|11.6|6.3087313604191095
9500|12.1|10.938439103783475
9500|12.6|9.678028503802471
9500|13.1|-0.7718596305490537
9500|13.6|4.834172049351916
9500|14.1|-1.9822756808568345
9500|14.6|7.685145864066693
9500|15.1|4.778735549655251
10000|5.6|-2.8277392769331295
10000|6.1|-2.6668869710651406
10000|6.6|-2.9234421364305674
10000|7.1|6.400580755111932
10000|7.6|7.564543230334437
10000|8.1|8.941636971424728
10000|8.6|6.926707109105325
10000|9.1|7.718803124878523
10000|9.6|7.836049446353028
10000|10.1|8.910364003272337
10000|10.6|10.145361788903175
10000|11.1|13.399425674690583
10000|11.6|9.555184358539517
10000|12.1|11.759924202046031
10000|12.6|8.032700396569881
10000|13.1|9.010100979771313
10000|13.6|9.086416861018431
10000|14.1|4.6288727191432555
10000|14.6|5.605481929257715
10000|15.1|4.4955031905803935
10500|5.6|-3.112303570220017
10500|6.1|-8.151220033002668
10500|6.6|-2.77072019211276
10500|7.1|7.360492022643187
10500|7.6|-2.70792446838636
10500|8.1|7.031528729028669
10500|8.6|-2.3454046566404045
10500|9.1|7.25325362857171
10500|9.6|8.262556803739084
10500|10.1|10.445019638845155
10500|10.6|10.935722806349162
10500|11.1|9.965261189166263
10500|11.6|9.74534779102288
10500|12.1|-0.5042844199897291
10500|12.6|-0.8272130799672569
10500|13.1|-0.7146205134966562
10500|13.6|-1.616247259183686
10500|14.1|8.703732395537225
10500|14.6|5.20689714964733
10500|15.1|8.013414336087699
11000|5.6|-3.0909152395592745
11000|6.1|-3.036707930669603
11000|6.6|-8.47841762188515
11000|7.1|-2.667954966154953
11000|7.6|2.8011272830802985
11000|8.1|7.052504847603894
11000|8.6|6.87400880242646
11000|9.1|6.915954081543667
11000|9.6|7.221514531299522
11000|10.1|-5.375333505235745
11000|10.6|8.128613653459409
11000|11.1|10.973965126311183
11000|11.6|11.769094117387931
11000|12.1|17.005078704141933
11000|12.6|8.831852268530813
11000|13.1|10.219863565819196
11000|13.6|7.29665506724248
11000|14.1|-1.8155511279875411
11000|14.6|8.63177289165432
11000|15.1|5.535451458394843
11500|5.6|-2.0161137591719522
11500|6.1|12.3429344865501
11500|6.6|6.5807310426988845
11500|7.1|5.9292423999698265
11500|7.6|-2.7208419453480097
11500|8.1|7.445803428733755
11500|8.6|6.269749395838535
11500|9.1|6.9347051672198505
11500|9.6|7.260004728885261
11500|10.1|2.913041576054946
11500|10.6|8.689513372794297
11500|11.1|9.529037854827848
11500|11.6|10.488345198878731
11500|12.1|10.181805562968028
11500|12.6|14.094708127578146
11500|13.1|12.414868942801876
11500|13.6|8.960075901416669
11500|14.1|8.493303068618715
11500|14.6|9.415892415461608
11500|15.1|-2.9488843477598157
12000|5.6|-2.7698975501300502
12000|6.1|-2.762972283816026
12000|6.6|-8.255938027738488
12000|7.1|-2.893961901787217
12000|7.6|6.18772363860963
12000|8.1|3.212688259662155
12000|8.6|-2.7021048181034004
12000|9.1|6.1968882544007
12000|9.6|6.672888579877387
12000|10.1|6.856173951903646
12000|10.6|8.767136585684398
12000|11.1|8.374256172073428
12000|11.6|9.000773300485179
12000|12.1|10.213802535300605
12000|12.6|12.275032516683972
12000|13.1|8.296935274845323
12000|13.6|9.770152325259142
12000|14.1|11.29025672064356
12000|14.6|7.515638329676819
12000|15.1|10.152153953726572
12500|5.6|9.953751407781999
12500|6.1|-2.5744458640961567
12500|6.6|3.991916665346719
12500|7.1|-3.0834559831419126
12500|7.6|3.1455578895004868
12500|8.1|2.6164445892415733
12500|8.6|-2.7740882283699695
12500|9.1|7.639008289490238
12500|9.6|6.262620035012424
12500|10.1|6.8886429207691755
12500|10.6|8.015895251232434
12500|11.1|9.631403115290446
12500|11.6|8.686811952471034
12500|12.1|9.359110475446373
12500|12.6|10.691275115571234
12500|13.1|-1.1039898549879341
12500|13.6|10.642037364507713
12500|14.1|13.152297637920283
12500|14.6|6.98661545784644
12500|15.1|6.230279188331556
13000|5.6|-7.166923245611559
13000|6.1|-7.289472712195982
13000|6.6|-11.906452849418494
13000|7.1|5.350701559294381
13000|7.6|-3.518137714695537
13000|8.1|-3.0857955004648807
13000|8.6|-2.675224808998539
13000|9.1|4.968904893349151
13000|9.6|6.451831439335386
13000|10.1|6.986373130823376
13000|10.6|8.765436837464344
13000|11.1|8.142162262610542
13000|11.6|8.548551646830653
13000|12.1|9.425498099552549
13000|12.6|10.96347797469497
13000|13.1|9.462491597579426
13000|13.6|10.445964658536985
13000|14.1|7.293000646082871
13000|14.6|0.663302493509954
13000|15.1|5.849759129103192
13500|5.6|6.379509753223887
13500|6.1|4.62209622001074
13500|6.6|-3.7001379780025196
13500|7.1|-2.8434237546521137
13500|7.6|-3.2541778089631186
13500|8.1|-2.983787110297904
13500|8.6|2.998020838620212
13500|9.1|6.670061226397543
13500|9.6|6.044822226158682
13500|10.1|7.376918697786208
13500|10.6|7.082407195928832
13500|11.1|7.768976705945727
13500|11.6|8.702065543839762
13500|12.1|9.713407782447847
13500|12.6|9.11193527075865
13500|13.1|11.852693573962258
13500|13.6|-2.8389556276993346
13500|14.1|12.326065466385424
13500|14.6|7.860316632766032
13500|15.1|9.06811303632383
14000|5.6|-3.073865532500435
14000|6.1|-3.2757754847031086
14000|6.6|6.851757686494221
14000|7.1|7.043506058965832
14000|7.6|6.10641203690617
14000|8.1|5.576178550799089
14000|8.6|5.838262584702074
14000|9.1|2.4849289318579366
14000|9.6|7.061739129588777
14000|10.1|6.439971312346906
14000|10.6|6.964175042056274
14000|11.1|7.746167059257073
14000|11.6|9.075167184485348
14000|12.1|9.137451396595518
14000|12.6|10.621462340541923
14000|13.1|10.782436291610683
14000|13.6|12.135831403222669
14000|14.1|-1.806582602064746
14000|14.6|8.289626323901238
14000|15.1|7.54639967708245
14500|5.6|-1.9697056698708593
14500|6.1|6.17677296527684
14500|6.6|6.191035147947706
14500|7.1|-8.419299957111607
14500|7.6|5.945714578651816
14500|8.1|3.1957453772081075
14500|8.6|-3.0523045074203794
14500|9.1|2.8447359626367934
14500|9.6|5.949213655872467
14500|10.1|6.328452639809547
14500|10.6|7.3514584973685455
14500|11.1|7.384149346504869
14500|11.6|7.5412191948689395
14500|12.1|2.8973754189202023
14500|12.6|9.367070970742045
14500|13.1|11.532323762877024
14500|13.6|12.192315167603914
14500|14.1|7.938242936630394
14500|14.6|11.641027537321984
14500|15.1|7.9293538705274464
5000|5.6|9.333828025037535
5000|6.1|9.977194828305612
5000|6.6|10.466552659181602
5000|7.1|12.77555188346062
5000|7.6|9.747225814858847
5000|8.1|10.150328126826395
5000|8.6|9.619978019281982
5000|9.1|7.552737688724432
5000|9.6|8.738844253457925
5000|10.1|-1.1066860785590886
5000|10.6|6.164467185491223
5000|11.1|4.403024426768877
5000|11.6|6.032891392225106
5000|12.1|-1.7373426081466279
5000|12.6|5.237421135820615
5000|13.1|5.283534565793582
5000|13.6|2.6161528836221195
5000|14.1|2.772296662082535
5000|14.6|3.6927679003696237
5000|15.1|3.6023079926340764
5500|5.6|8.274069587629205
5500|6.1|10.017083310740128
5500|6.6|10.242132843651092
5500|7.1|10.563296038054784
5500|7.6|12.890352696408529
5500|8.1|10.772434899922182
5500|8.6|8.930504050625089
5500|9.1|10.442736264851822
5500|9.6|9.169936154561528
5500|10.1|7.387677431732922
5500|10.6|8.292022688393335
5500|11.1|-1.2760166014471739
5500|11.6|6.338015657111588
5500|12.1|6.819833291847268
5500|12.6|6.46608307650879
5500|13.1|3.476380548070486
5500|13.6|5.207141080292278
5500|14.1|4.405784648300679
5500|14.6|2.503474927941343
5500|15.1|2.9278486658271214
6000|5.6|8.569688181792726
6000|6.1|8.06560586597106
6000|6.6|9.200817309081636
6000|7.1|8.744499945347512
6000|7.6|11.455897416844104
6000|8.1|12.695439440317386
6000|8.6|10.933932533912886
6000|9.1|10.69728896708299
6000|9.6|10.8891585982115
6000|10.1|8.47971353465466
6000|10.6|7.542635894357368
6000|11.1|7.098709021131036
6000|11.6|7.1096961796363525
6000|12.1|5.539956857167185
6000|12.6|6.0758390718771045
6000|13.1|7.071502196815507
6000|13.6|5.352162887059462
6000|14.1|3.388911827237632
6000|14.6|5.583990470100188
6000|15.1|4.903434655169114
6500|5.6|8.479082465860825
6500|6.1|8.091525140692982
6500|6.6|8.023525938091213
6500|7.1|8.858304247321053
6500|7.6|8.756897422164181
6500|8.1|10.375557341688625
6500|8.6|13.15351636114511
6500|9.1|8.647040170554892
6500|9.6|9.189910967362295
6500|10.1|7.96571374367022
6500|10.6|7.940017425846874
6500|11.1|8.080070385026708
6500|11.6|6.986507175007362
6500|12.1|7.168181694332066
6500|12.6|6.246456440361637
6500|13.1|6.114307799571782
6500|13.6|4.069481307175434
6500|14.1|6.2295311066977135
6500|14.6|-2.6122733189508085
6500|15.1|3.04958906620967
7000|5.6|12.189935072745557
7000|6.1|8.305679764230465
7000|6.6|11.802199570372776
7000|7.1|7.941916127760694
7000|7.6|9.132076159578249
7000|8.1|10.370173196116589
7000|8.6|0.8231947727938366
7000|9.1|16.574608684289448
7000|9.6|10.377861937745333
7000|10.1|9.84447584502372
7000|10.6|8.177473149422948
7000|11.1|8.484095456377508
7000|11.6|7.457320778560561
7000|12.1|6.893574064573563
7000|12.6|6.761338113392221
7000|13.1|-1.9776652689238794
7000|13.6|-3.548804429473189
7000|14.1|4.516576730825022
7000|14.6|8.329120358002664
7000|15.1|4.802423338136764
7500|5.6|-2.4297119931404807
7500|6.1|7.722955257095089
7500|6.6|7.964447883404219
7500|7.1|10.183892214986658
7500|7.6|8.979465546127958
7500|8.1|7.768166331522879
7500|8.6|9.611620549318522
7500|9.1|14.212835229919502
7500|9.6|10.90832656882256
7500|10.1|-3.5335233116580578
7500|10.6|13.027475912681268
7500|11.1|9.656126380940535
7500|11.6|8.427270153407923
7500|12.1|10.526733722811034
7500|12.6|6.867186263268373
7500|13.1|5.653540502652143
7500|13.6|7.284349965239099
7500|14.1|5.475215640480022
7500|14.6|3.576237709785724
7500|15.1|6.080962877560171
8000|5.6|-7.369378163194954
8000|6.1|8.01652451478463
8000|6.6|-2.7824535383867532
8000|7.1|7.5056058184690455
8000|7.6|7.1638573818506215
8000|8.1|8.88814182520026
8000|8.6|10.634660589363811
8000|9.1|11.341631889366399
8000|9.6|12.111608615449585
8000|10.1|15.43877259411055
8000|10.6|10.835175770371531
8000|11.1|9.858594071195807
8000|11.6|8.754746908326563
8000|12.1|9.646936429271546
8000|12.6|-1.3282435167692912
8000|13.1|7.166287322176229
8000|13.6|6.150568349000782
8000|14.1|5.078808766251222
8000|14.6|5.786841943779616
8000|15.1|3.7693615350568086
8500|5.6|7.386261415050195
8500|6.1|9.625301516877188
8500|6.6|8.339892211926406
8500|7.1|2.917479295635084
8500|7.6|7.016952500301589
8500|8.1|7.957551657439882
8500|8.6|7.793686327191746
8500|9.1|9.124124603761798
8500|9.6|10.450575638073179
8500|10.1|11.484779126392432
8500|10.6|1.109285251883513
8500|11.1|9.395084259145488
8500|11.6|10.831428136063293
8500|12.1|8.59675561476601
8500|12.6|7.473087740707521
8500|13.1|8.29973171119167
8500|13.6|7.013508862844343
8500|14.1|-3.0202117460409164
8500|14.6|5.095626035542734
8500|15.1|5.413655371186975
9000|5.6|-7.86571498716783
9000|6.1|7.544826659974097
9000|6.6|8.832849839215536
9000|7.1|6.7062804331336885
9000|7.6|6.645795646716863
9000|8.1|7.600984000405493
9000|8.6|7.522239598802709
9000|9.1|9.038835656435134
9000|9.6|9.517828541642809
9000|10.1|10.560379770599502
9000|10.6|10.643933532018995
9000|11.1|12.036458823640945
9000|11.6|12.378736493943483
9000|12.1|10.63010735041453
9000|12.6|8.06653415404499
9000|13.1|6.6517927456683665
9000|13.6|8.589134053595165
9000|14.1|6.21563571551005
9000|14.6|5.5122027570940215
9000|15.1|6.19716543376062
9500|5.6|-2.2828742598966234
9500|6.1|-2.518302444718104
9500|6.6|7.162857411792153
9500|7.1|7.374259117850856
9500|7.6|-2.5860882077336442
9500|8.1|-2.7024654603732974
9500|8.6|7.433640553131197
9500|9.1|7.572945788528616
9500|9.6|8.83940897999775
9500|10.1|9.824260395521595
9500|10.6|10.196289722171128
9500|11.1|11.060647037581331
9500|11.6|-3.9614569851764188
9500|12.1|11.921928399782223
9500|12.6|11.343848445223415
9500|13.1|6.0983363273165025
9500|13.6|6.060480456646628
9500|14.1|8.180868058514054
9500|14.6|-2.5948361572279244
9500|15.1|3.9644654190788238
10000|5.6|6.248986008152294
10000|6.1|-3.13177682045881
10000|6.6|-3.236835731940465
10000|7.1|8.567374144282194
10000|7.6|6.520905791211321
10000|8.1|7.20998804787185
10000|8.6|7.8525867030682805
10000|9.1|8.591026136677751
10000|9.6|8.540112526958696
10000|10.1|9.422631699832882
10000|10.6|9.535247331409112
10000|11.1|11.775075614787138
10000|11.6|-0.5365195345827339
10000|12.1|0.18928835291835827
10000|12.6|10.780631635466195
10000|13.1|9.680524309279521
10000|13.6|9.569172429035987
10000|14.1|5.486488841232656
10000|14.6|5.692284802686308
10000|15.1|6.305111997052383
10500|5.6|-11.838858058635005
10500|6.1|-2.4062273482044994
10500|6.6|-3.630825985720495
10500|7.1|6.33382130826569
10500|7.6|7.374852048401813
10500|8.1|8.387641096326789
10500|8.6|6.86437686005838
10500|9.1|7.5787094477130355
10500|9.6|7.936115988302814
10500|10.1|9.453050863938294
10500|10.6|9.359845444060747
10500|11.1|10.647797074138973
10500|11.6|10.121028207209665
10500|12.1|7.60506664683301
10500|12.6|10.409925546381
10500|13.1|-2.8434628111038873
10500|13.6|-0.07540939735300094
10500|14.1|-1.2958599462449716
10500|14.6|9.287025696382077
10500|15.1|5.284069095609971
11000|5.6|-3.0647731616503426
11000|6.1|8.045994019190703
11000|6.6|3.195390374593874
11000|7.1|3.347567795086433
11000|7.6|6.66224943535299
11000|8.1|6.510020534909466
11000|8.6|6.502361205632639
11000|9.1|-2.4140169048782476
11000|9.6|7.10033276593657
11000|10.1|-2.917714893679591
11000|10.6|8.66531064905888
11000|11.1|10.54591610601703
11000|11.6|11.930737831529381
11000|12.1|15.768429116688253
11000|12.6|-3.836469162656938
11000|13.1|9.512444566982673
11000|13.6|9.300360557559403
11000|14.1|8.581957463624029
11000|14.6|9.939074098386646
11000|15.1|6.097507995154403
11500|5.6|-2.519589420115421
11500|6.1|-3.1057448969045574
11500|6.6|5.866702442267474
11500|7.1|6.205737441630392
11500|7.6|-2.7867711210019026
11500|8.1|-2.8807812739035468
11500|8.6|6.360043615268927
11500|9.1|6.787736181757266
11500|9.6|7.389193686893887
11500|10.1|7.5605346824595046
11500|10.6|8.191755477273789
11500|11.1|9.059394290642707
11500|11.6|11.078213278298406
11500|12.1|10.783145953502594
11500|12.6|13.787891758310069
11500|13.1|12.687223791123316
11500|13.6|11.268744842323095
11500|14.1|7.9794472455544545
11500|14.6|9.804917907864702
11500|15.1|5.61136888735143
12000|5.6|-11.871328252224348
12000|6.1|-2.5626976644097463
12000|6.6|6.461681526058338
12000|7.1|6.520321498487541
12000|7.6|6.375577223649442
12000|8.1|4.619603032890184
12000|8.6|6.392901393821775
12000|9.1|6.137382128592484
12000|9.6|7.276586022093952
12000|10.1|6.8853401971206365
12000|10.6|9.626520642825003
12000|11.1|8.803739088746676
12000|11.6|9.573435754258869
12000|12.1|10.55587813655107
12000|12.6|13.06267615795031
12000|13.1|12.503755833033914
12000|13.6|10.118946753958665
12000|14.1|10.88594470969146
12000|14.6|6.2098829779406035
12000|15.1|9.791900797665882
12500|5.6|-8.178733206573426
12500|6.1|-2.373271084247914
12500|6.6|-3.747988149170387
12500|7.1|-3.83282482843018
12500|7.6|-3.339695216889137
12500|8.1|6.004767162556933
12500|8.6|-2.779810504738542
12500|9.1|6.108627458554037
12500|9.6|6.555831441134599
12500|10.1|7.275700724259063
12500|10.6|7.473015205290496
12500|11.1|7.812634270087274
12500|11.6|9.093507855716512
12500|12.1|10.105987168498583
12500|12.6|10.709460235709434
12500|13.1|6.492803237786264
12500|13.6|7.411508624996162
12500|14.1|8.697833118049047
12500|14.6|9.233924310575665
12500|15.1|-2.8891152283679395
13000|5.6|-2.5464949707218314
13000|6.1|-3.9963355629975115
13000|6.6|3.303071322992945
13000|7.1|-2.980573918572382
13000|7.6|3.0710599036682664
13000|8.1|5.806854982445838
13000|8.6|2.606286747917337
13000|9.1|2.709440016031335
13000|9.6|6.505083458976174
13000|10.1|7.050652028927126
13000|10.6|9.13156487582013
13000|11.1|8.171943441103574
13000|11.6|8.67202285493206
13000|12.1|9.48351326966435
13000|12.6|11.494775836368687
13000|13.1|9.569090208067971
13000|13.6|7.692979030501329
13000|14.1|11.214901458377398
13000|14.6|8.640324597510078
13000|15.1|6.528382360232914
13500|5.6|-2.759159634182811
13500|6.1|-2.9198388032786378
13500|6.6|-3.6909883253816895
13500|7.1|-7.553803711869676
13500|7.6|5.7264960036399115
13500|8.1|6.214060353810116
13500|8.6|6.348906852518023
13500|9.1|7.503291580908421
13500|9.6|8.173470043274929
13500|10.1|6.289194916351186
13500|10.6|8.096761928971025
13500|11.1|7.913922431732671
13500|11.6|7.414100960335326
13500|12.1|8.376868133147289
13500|12.6|9.869892637755108
13500|13.1|11.559550826373334
13500|13.6|8.399907971468862
13500|14.1|-1.9789321492054086
13500|14.6|-0.7593620579141434
13500|15.1|-1.2331084755576875
14000|5.6|-3.6580673766896608
14000|6.1|-11.903388228163962
14000|6.6|3.8348021215830808
14000|7.1|-3.163096930588405
14000|7.6|3.125807582247183
14000|8.1|4.705310098854017
14000|8.6|5.338071403984616
14000|9.1|6.141384947680359
14000|9.6|-2.6705653399450857
14000|10.1|6.32455623542977
14000|10.6|6.790762841599567
14000|11.1|7.601181438105636
14000|11.6|8.435576460782055
14000|12.1|8.805842906160764
14000|12.6|9.201772262628428
14000|13.1|11.198932975070141
14000|13.6|9.597224106455139
14000|14.1|5.794985030740521
14000|14.6|8.630596831575946
14000|15.1|-1.2148639096202118
14500|5.6|-8.290654826651016
14500|6.1|-2.9361158852393787
14500|6.6|5.958344247632783
14500|7.1|-3.22825494892708
14500|7.6|-3.5553644015683044
14500|8.1|-3.4169690288616037
14500|8.6|5.654533371599696
14500|9.1|5.588649368763446
14500|9.6|-2.6180135892921212
14500|10.1|6.5729046980933425
14500|10.6|7.141026783669905
14500|11.1|2.714887043799655
14500|11.6|8.055474025930073
14500|12.1|7.919827905199392
14500|12.6|7.48137100492573
14500|13.1|7.5927102933504935
14500|13.6|10.321726968281531
14500|14.1|10.605351884935834
14500|14.6|7.40428451692216
14500|15.1|6.508551229826182
